-36,77303941 -59,70127389
-37,10354116 -59,70731080
-36,95731736 -59,50431871
-36,81126614 -60,08624557
-36,60243595 -59,43197201
-36,76199842 -59,88473000
-36,50004933 -59,46230656
-36,63714789 -60,22030839
-36,60011003 -59,60623618
-37,00190492 -59,66001576
-36,43115954 -59,64181688
-37,05286455 -60,05368440
-36,57735642 -59,83696519
-36,89009798 -59,41124187
-37,05316904 -59,60977687
-36,77646219 -59,50200091
-36,34237994 -59,96709788
-36,65384125 -60,27641880
-36,75655099 -60,01976153
-36,81546820 -60,20096855
-37,11677661 -60,19933086
-37,18434520 -59,65293231
-36,75305754 -59,71681221
-37,05268544 -59,44731849
-37,07241980 -59,44909403
-36,62231621 -60,05165406
-37,12833340 -59,76671815
-36,35622464 -60,02981922
-36,92071543 -60,11524760
-36,63195197 -60,03041155
-36,40668955 -59,66451374
-36,65256386 -59,55093116
-36,79057090 -59,79250588
-36,80628870 -60,06777893
-37,08501231 -60,18444647
-36,88884993 -59,35548499
-37,05592860 -59,52952131
-36,62524662 -60,09732820
-36,56532427 -59,89374463
-36,50638213 -60,20685446
-36,76544067 -59,42932655
-36,89908010 -60,28005707
-36,96793339 -59,60592947
-36,52960142 -60,09883540
-36,46851059 -59,87711256
-37,00385751 -60,14657583
-37,04533579 -60,24978682
-37,08877644 -60,11523010
-36,89835808 -60,35688898
-36,69521271 -59,53590235
-36,93658274 -60,12241646
-36,62380981 -59,67393989
-36,53420564 -59,44954088
-36,86927395 -59,90646459
-36,51987344 -59,54788960
-36,65047407 -59,73110483
-36,91165789 -59,88197436
-37,05346206 -60,16868592
-36,89429996 -59,50651433
-36,38178821 -59,87984340
-36,88592234 -59,43329565
-36,80632309 -59,67313129
-37,19243262 -59,83260852
-37,16679337 -59,88686057
-36,97779658 -59,59531136
-36,86304837 -59,78466973
-36,70623888 -59,38090421
-36,89937601 -59,96147770
-37,04255584 -60,23435981
-36,89727544 -60,00686647
-36,72959127 -59,42689263
-36,71565641 -60,31939381
-36,82026313 -59,67948636
-36,95289105 -59,60095725
-36,78185733 -59,73202323
-36,71198493 -60,01197549
-36,73919341 -59,82168556
-37,03790363 -60,10170405
-36,47276744 -59,60368500
-36,80065354 -59,47240063
-36,66954217 -59,35182781
-36,81146256 -59,97626790
-36,97557682 -59,64898445
-36,58730144 -59,64477731
-36,96215032 -60,27889787
-36,38796863 -59,82757402
-36,88498729 -60,35198077
-36,68659082 -59,60948883
-36,85345143 -60,19628569
-37,17344412 -59,91079446
-36,96133497 -60,05950351
-37,12087023 -60,15688049
-36,83284312 -60,24606596
-36,60007264 -60,08119912
-36,64182554 -59,52325017
-36,66289173 -60,02862225
-37,02678473 -59,65885643
-36,83559767 -59,36575382
-36,49412038 -59,74638689
-36,42307869 -59,53908739
-37,04797151 -60,14473110
-37,08946215 -59,96186526
-36,73056378 -59,71908196
-37,04194294 -59,77368713
-37,04794059 -60,11998418
-36,60444889 -59,92904669
-36,49269405 -59,61019930
-36,72452374 -59,80491461
-36,36652455 -59,98733672
-36,99867827 -59,49452900
-37,03566741 -59,97514031
-37,04760387 -59,59227608
-36,80969593 -60,12878495
-36,61562874 -59,72769014
-36,64874324 -60,33328659
-36,92573746 -60,02348898
-36,73749550 -59,61345883
-36,68002350 -59,76167234
-36,45824639 -60,05197687
-36,63647533 -60,33549998
-37,02126548 -60,24844834
-36,89267557 -59,62245806
-36,96060093 -59,48517562
-36,99431113 -59,80128328
-36,81486313 -60,17672855
-36,77869139 -59,81206259
-36,63044615 -60,17700896
-37,09154454 -59,74519900
-36,74414811 -59,77817903
-36,91800875 -60,36050650
-37,05169743 -59,75055502
-37,02976752 -60,27715743
-36,81583741 -59,98266258
-36,94346135 -60,11660138
-37,13095631 -59,88035540
-36,65974308 -59,94893880
-36,79340351 -59,77915236
-36,65406200 -59,64112521
-36,37186794 -59,71556146
-36,93947055 -60,27281378
-37,00924896 -59,56562591
-37,16186314 -60,00028614
-37,10232648 -59,70429372
-37,07522311 -60,02846658
-36,78824406 -59,97711516
-36,78215469 -59,57319367
-36,53915634 -59,95758885
-36,50389576 -60,01839239
-36,98827115 -59,97945228
-37,10048737 -59,75315125
-36,48961636 -60,13803236
-36,36572304 -59,62959413
-36,77663758 -59,86555262
-36,81160073 -59,94560999
-36,68292210 -60,23286264
-36,53562894 -59,61488944
-37,09539272 -60,11412437
-36,81677404 -59,42490075
-36,47025497 -59,88381644
-36,43873627 -60,13278362
-36,72993580 -59,85384807
-36,82565182 -60,29577717
-36,95561332 -60,19225976
-36,62016705 -60,01872867
-36,43964490 -60,13097921
-36,97017894 -59,36035102
-36,93691294 -59,53731252
-36,74707145 -59,90747887
-36,58101984 -59,45158995
-36,41633910 -59,52060276
-36,57636932 -59,81376267
-36,88631009 -59,78771779
-36,72221733 -60,15834462
-36,84268985 -59,60754538
-37,11727157 -59,63201170
-37,14934996 -59,56904042
-36,98879331 -59,83715416
-36,73434211 -60,16295360
-36,55133186 -60,26316573
-36,91963446 -59,37342123
-36,91976813 -59,92109395
-36,92797367 -59,93416241
-36,74357610 -60,19163326
-36,45415502 -59,50918118
-36,91060641 -60,04589311
-36,67361930 -60,09187804
-36,49138944 -60,28065399
-37,02898634 -59,69134603
-36,72665111 -59,72519160
-36,66217802 -60,10549697
-37,09975936 -60,02373551
-36,48297154 -59,65673693
-37,17109572 -59,72706858
-36,86469493 -59,38915196
-36,44687059 -59,75555681
-36,36052807 -59,66285503
-36,77821072 -60,11802000
-36,48586523 -59,87900886
-37,04468288 -60,27864082
-36,40330768 -60,03771666
-36,85421288 -60,10727687
-36,89606476 -59,56514750
-36,84199795 -60,01363449
-36,90868093 -59,39961590
-36,66427846 -59,54803047
-36,39589898 -59,87711348
-36,92955612 -59,45935821
-37,12686370 -60,01667682
-36,35281924 -59,79379168
-37,07726857 -59,90087639
-37,15174422 -60,05094426
-36,52660840 -59,94072791
-36,79508267 -59,61412804
-37,07530980 -59,90145736
-36,89572337 -60,18824363
-36,44265570 -59,89615920
-37,07944291 -59,70503705
-36,91301120 -59,98095764
-36,62980137 -60,09001537
-36,96681605 -59,36404461
-36,95640477 -59,85689783
-36,72726167 -60,00641104
-36,82539034 -59,64745912
-36,66750569 -60,25757199
-36,82866503 -59,33514847
-36,90588886 -59,79056046
-36,45201082 -60,04256115
-36,91716657 -60,34595732
-37,05355063 -59,67013876
-36,74432735 -59,64102423
-36,38133043 -59,79656307
-37,05775261 -60,23522625
-36,45915462 -59,79931866
-36,65967182 -60,18108521
-36,49927150 -59,71735201
-37,04815478 -60,03992568
-36,37677890 -60,02969864
-37,10979986 -59,86196052
-36,76595209 -60,00774618
-36,71422729 -60,31145443
-36,97637778 -59,41592142
-36,93041802 -59,34021634
-36,66431587 -59,42221484
-36,82299580 -59,60498529
-36,99665659 -59,98152369
-36,74483570 -60,00475503
-36,96972391 -60,31680047
-37,06933735 -59,43868004
-36,68651455 -59,95777733
-36,87793736 -59,48605172
-36,92222972 -59,33330652
-36,69153589 -60,08570898
-36,65535934 -59,35404694
-37,09037427 -59,47752442
-36,78698946 -60,06302437
-36,72652279 -59,48248157
-36,81338616 -59,67767890
-37,03876417 -59,80637838
-36,89306314 -59,89152348
-36,62217813 -59,89477990
-36,78484848 -59,35910518
-36,62874250 -59,55135223
-36,50523026 -60,28625562
-36,90448700 -59,83162772
-36,98993632 -59,88574013
-36,86565076 -60,11429898
-36,99824627 -60,07191565
-36,77948205 -59,49498583
-36,39132339 -59,58524892
-36,42454951 -59,82534287
-36,37111721 -60,02230740
-36,50182718 -59,44389764
-36,70265715 -59,35616288
-37,14667419 -59,83302897
-36,53392620 -59,42127984
-36,49368861 -60,10159387
-37,15372946 -59,89787764
-36,85629325 -59,86611599
-36,56483037 -59,90601187
-36,66237620 -59,66595882
-36,86522960 -60,23412233
-36,61973789 -60,09945556
-36,56923140 -59,56969875
-36,46874345 -59,82187122
-36,73093382 -60,39971700
-36,89710712 -59,46409563
-37,18181543 -60,02047233
-36,78172595 -59,89426922
-36,97342931 -60,17743499
-36,98176450 -60,26679497
-36,90617349 -59,37841812
-36,55006866 -59,70067006
-37,14300919 -59,84076308
-37,06716905 -59,58597871
-36,55436414 -59,76688259
-36,38218683 -59,72139907
-36,79563996 -59,77569453
-36,61542542 -59,33247382
-37,08348594 -60,15645755
-36,48535465 -59,59070245
-36,46999698 -59,47669841
-36,81014462 -59,42157925
-36,60676465 -59,51069610
-37,00960473 -59,39807800
-36,88858054 -60,01923966
-36,63881837 -59,78540592
-36,37052739 -60,07782657
-36,43866595 -60,18521878
-36,75610784 -59,44277854
-36,51465319 -59,65894884
-36,58717141 -59,55630926
-36,83558734 -60,21050089
-36,79234925 -60,26417147
-36,73176683 -59,37746655
-36,84790644 -60,15711429
-36,99654654 -60,31209812
-36,89389358 -59,35365765
-36,70242274 -60,25616347
-36,67054808 -60,35087838
-36,55183391 -60,32835019
-36,89742750 -59,46524347
-36,63028514 -59,95038426
-36,92146125 -59,99340670
-36,67234275 -59,89439703
-37,19208129 -59,68988518
-36,52666318 -60,20296654
-36,87647681 -59,46089540
-36,71772918 -59,40612658
-36,51716691 -59,79168208
-36,75110995 -59,32967271
-36,80849771 -59,43021293
-36,58563500 -59,52112882
-37,09321361 -59,86792821
-37,15791264 -59,89115801
-36,83759330 -59,51037367
-37,13915155 -59,94273551
-37,00153820 -60,08255575
-36,51973010 -59,74549975
-36,69853459 -59,68255212
-37,03644687 -59,59798746
-36,41525525 -59,69278328
-36,66463529 -60,37339592
-36,60878709 -59,83783705
-37,22009167 -59,83051500
-37,08911271 -59,89742229
-36,38141677 -60,03302040
-36,68196180 -59,47930421
-36,76310196 -60,23999206
-36,44213138 -60,18585415
-36,75458361 -60,24153377
-36,70990923 -59,37225486
-37,06484122 -60,10162038
-36,99015472 -60,15493053
-36,47146597 -60,07220411
-36,53852798 -59,89803557
-36,68066590 -60,37993476
-36,47953189 -59,79813655
-36,91944480 -59,72741533
-36,41298676 -60,01233934
-36,55522888 -59,44721995
-36,88585209 -59,31081976
-36,59336309 -59,56472564
-36,81159728 -59,91011642
-36,95692280 -59,91745740
-36,73877875 -59,62234896
-37,04729671 -59,98003670
-36,78433359 -60,33751147
-36,63449486 -60,37076257
-37,20443505 -59,92268611
-36,59988038 -59,57008647
-36,95066881 -60,29589311
-36,59569272 -60,02434428
-36,69559214 -60,13415965
-36,81647148 -60,23183201
-36,41688343 -59,85901982
-36,32898326 -59,87744459
-36,95721757 -60,35052570
-37,15191668 -59,61309839
-36,55196826 -59,40986547
-37,11868245 -59,90198543
-37,08366303 -60,23137221
-37,15395922 -59,58637038
-37,15740639 -59,74262704
-36,90928509 -59,52428341
-36,66286477 -59,53252744
-37,07235027 -60,18696251
-36,40790730 -60,17615114
-36,84409855 -59,89870074
-36,35344268 -60,03628218
-36,89837172 -59,66343166
-36,79309566 -60,40815882
-36,78185690 -59,96677808
-36,79269745 -59,64273780
-36,86589074 -60,05343164
-37,09728699 -59,67247361
-36,67504515 -59,35708363
-37,02993108 -60,22638047
-36,56127550 -60,32268904
-36,83237135 -59,91160800
-36,83531562 -59,50690888
-36,74517497 -59,52610970
-37,07052465 -59,94875621
-36,84824362 -60,07354560
-36,47496150 -59,72918433
-36,76140933 -59,83634804
-36,94064625 -60,08327720
-36,80534656 -59,71253163
-36,86637445 -59,93351482
-37,00391117 -60,08399462
-36,75401244 -60,28225245
-36,90974931 -59,59237585
-37,07132373 -59,70719924
-36,77638804 -59,95604963
-36,71164842 -59,73830439
-37,16979555 -59,60443606
-36,54165681 -59,43551153
-36,97200322 -59,82091687
-36,99815997 -59,42942262
-36,58769348 -60,09329423
-36,98379666 -59,41302017
-36,75156436 -60,03183230
-36,67531800 -60,37866182
-36,96901726 -59,54831955
-36,73341637 -60,33580995
-36,62404082 -59,93154754
-37,18276856 -59,78448119
-36,96448071 -60,21580475
-37,09646743 -59,76899285
-36,72710116 -59,49517323
-37,04091548 -59,93010723
-36,62313897 -59,95702086
-36,76148565 -59,62844238
-36,86880009 -59,74539609
-36,43569926 -59,94114417
-36,44466109 -59,82883273
-36,33943503 -59,90865765
-36,65911685 -59,73174623
-37,11311207 -59,52573284
-36,58685884 -59,65344452
-36,59846100 -59,96074624
-36,63793735 -59,35639411
-36,47117079 -60,15488029
-36,49023285 -59,59452821
-37,19387134 -59,70897948
-36,74241162 -59,83290270
-37,05454822 -59,77409339
-36,80142512 -59,52811308
-36,91126613 -60,07229919
-36,99407320 -60,22099642
-36,38053176 -59,63031151
-36,70586159 -59,86651382
-36,92327010 -59,58825910
-36,41537939 -59,99657273
-36,38222393 -59,80750621
-37,02441466 -59,43945855
-36,84099991 -59,36924126
-36,94357349 -59,50894685
-37,10746472 -59,62864012
-36,40817619 -59,89261523
-37,15332286 -60,03096262
-36,69537609 -59,52359798
-36,86050914 -60,25769759
-36,39814279 -60,01609324
-36,50468776 -60,14870680
-36,95750801 -59,71143851
-36,66442561 -60,03385710
-36,87141768 -60,06346409
-36,56682280 -59,75908084
-37,18114134 -59,84455047
-37,11130078 -59,78008351
-36,42556287 -59,53747414
-36,82919956 -60,21008311
-36,55355351 -60,19368746
-36,95328076 -59,43405959
-36,42155363 -59,60575029
-36,97423619 -59,65514689
-36,48244286 -59,61881217
-36,62631735 -59,84414951
-37,18801306 -59,63580261
-36,76754113 -60,22698729
-36,71946261 -59,69151256
-36,89440869 -59,41167116
-36,38297612 -59,87153893
-36,81115830 -59,95827480
-37,05641597 -60,27054520
-36,98244225 -60,30515909
-36,49100623 -59,88342170
-36,81784119 -60,37190760
-36,99336408 -59,73131953
-36,64589424 -60,34304239
-37,00433209 -60,29053044
-36,63143409 -59,89250456
-36,79968144 -59,93345731
-36,54177047 -59,44284210
-36,46762303 -59,52845872
-36,76157984 -59,85533651
-36,98286981 -60,11614421
-37,12342251 -59,57493191
-36,87192240 -59,49907114
-36,80540778 -59,45986609
-36,77255341 -60,18872189
-36,68713693 -60,10068301
-36,99043617 -59,56578666
-36,70544117 -60,19639228
-36,79902038 -59,40003034
-37,13419785 -59,60254211
-36,57965084 -59,87540757
-36,79453659 -60,17121760
-36,45406141 -60,24353729
-37,08003333 -59,48702467
-36,64839876 -60,34465457
-36,52876741 -60,16392191
-37,04561464 -59,52319231
-36,60968501 -59,83920917
-36,86336838 -59,71582543
-37,10397241 -59,56845626
-37,09967370 -60,22697400
-36,94766455 -60,31148300
-36,45011589 -59,99629760
-36,74086957 -60,38511009
-36,91868613 -60,04386054
-36,89760932 -60,11588889
-36,65974386 -60,10324212
-36,75302640 -59,94490167
-36,68086426 -59,92827269
-36,55421678 -59,37908299
-37,18264379 -59,90816847
-36,54740668 -59,53456308
-36,69135449 -59,42908492
-36,96389802 -59,88080517
-36,55024737 -59,99197603
-36,81473187 -59,93965902
-36,55779008 -60,32754011
-36,84419059 -60,08015310
-36,77856129 -59,71904106
-37,03126233 -60,16542986
-37,14784344 -59,92591379
-36,57740892 -60,22372629
-36,87310983 -60,28308962
-36,52230664 -59,68283510
-36,86012128 -60,25312157
-36,79604976 -60,03505102
-36,88155963 -60,05024970
-36,94508854 -59,63053229
-36,83567567 -59,68944300
-37,11079651 -59,77713310
-36,55313012 -60,28692763
-36,46612429 -60,02579045
-36,91650179 -60,27911262
-36,73138119 -59,35353636
-36,81869622 -59,44370966
-36,51653356 -59,95374532
-36,70935223 -59,74248808
-36,82411528 -59,78635983
-36,83083642 -59,75180766
-36,84988587 -59,45280449
-37,21348217 -59,83503278
-36,59375363 -59,71920717
-36,52533485 -59,52078112
-36,81815662 -60,02377692
-36,35786824 -60,00051061
-36,7827281, 59.,37021890
-36,50218045 -59,53626620
-36,69891720 -60,33897212
-36,42599123 -59,53902661
-36,93848290 -59,72113512
-36,67921794 -60,03980808
-37,05261732 -59,67520374
-36,85616873 -59,83624249
-37,16895219 -59,89799499
-37,05697672 -59,76232722
-36,60330779 -59,61124672
-36,42832245 -59,94180756
-36,98600009 -59,95422356
-36,39359419 -59,79051387
-36,59012921 -60,22741853
-36,73782548 -59,94847541
-36,51838857 -60,01757962
-36,83465355 -59,93836807
-36,73016492 -59,85403580
-36,77433913 -59,82470620
-36,76224500 -59,92872692
-36,85858897 -59,45761297
-36,42828791 -59,71025007
-37,09325159 -60,00294615
-36,57432950 -60,24632363
-36,55987492 -60,19480752
-37,08424829 -60,04931035
-36,61911914 -59,59879040
-36,54936506 -60,22047127
-37,05920578 -59,87584017
-36,78181011 -60,19033954
-36,90678283 -59,50781505
-36,54496866 -59,40028471
-36,73224924 -59,59418465
-36,43258777 -59,99485641
-37,18240318 -60,04804979
-36,57542126 -59,85241878
-36,91926964 -59,50595520
-36,95656525 -59,63563752
-36,93407292 -60,26526219
-36,85769124 -60,36423086
-37,04325314 -59,99198733
-36,74180456 -60,18837956
-36,78420564 -60,38517627
-36,64309321 -59,58468008
-36,58779012 -59,63527238
-36,64229190 -59,99666905
-36,52906455 -60,09250668
-36,78310342 -59,69480327
-36,94961418 -59,44718578
-36,47281306 -60,15156649
-36,55066287 -59,52626603
-37,10580589 -59,77727019
-36,99419420 -59,37716625
-37,09281862 -59,53464144
-36,86577806 -60,02616155
-36,56783504 -59,49135516
-36,79045969 -60,16207221
-36,46811461 -59,45231299
-37,10751611 -60,12367735
-36,93687336 -60,36518955
-36,94839339 -60,07550055
-36,70833771 -59,73088222
-36,82701192 -60,02086903
-36,55976519 -59,46848790
-36,94326753 -60,26883723
-37,14102929 -59,89416668
-36,87906064 -59,59629516
-36,85360398 -59,95732345
-36,89045580 -59,65043654
-36,57337387 -60,19732963
-36,33269230 -59,76069429
-36,50271059 -59,79582668
-36,50023273 -59,71542080
-36,80046366 -60,01534283
-37,13979248 -59,69676706
-36,46689634 -59,75271097
-36,88318840 -59,70755849
-36,99160288 -60,13777016
-36,75386911 -59,98920154
-36,57354707 -59,56139160
-36,73452357 -60,32882732
-36,96953214 -60,01970151
-36,56300191 -59,84541004
-36,44976992 -60,00979434
-37,10174151 -59,92708883
-36,50942949 -59,78664668
-36,47635486 -59,65431378
-37,07312653 -60,15611076
-36,86216855 -59,69100160
-36,69556542 -59,92450008
-37,07719971 -60,25668084
-36,59535393 -59,74019277
-36,93711601 -59,93283750
-36,66932233 -60,34262964
-36,67185973 -59,56700563
-37,18879281 -59,89861541
-36,67958707 -60,28605425
-36,51498713 -60,08060185
-37,12933295 -59,67520096
-36,38302059 -59,83660911
-36,55109773 -60,28070588
-36,52135930 -59,98816827
-36,97202539 -59,70035678
-36,82928545 -60,30144636
-36,79413454 -59,64247904
-36,36691237 -59,82262081
-36,94100550 -60,26725284
-37,16260770 -59,60103730
-36,40534611 -59,89077111
-36,73175026 -59,89868899
-36,73627908 -59,95925942
-36,80821525 -60,16195139
-36,87694941 -59,57678600
-37,03033729 -60,10928558
-36,58918800 -59,78847114
-36,71180807 -60,19296487
-36,81307559 -59,30036518
-36,37396319 -59,61587119
-36,44067201 -60,19949121
-36,38451568 -59,66620319
-36,83328013 -60,35423631
-36,67504706 -59,68074676
-36,82543653 -59,51073850
-36,52282872 -59,54033101
-36,98223004 -59,40584679
-36,60228080 -59,57504817
-36,71179863 -59,57604744
-37,05305636 -60,22393542
-36,46077081 -59,93449419
-36,74938099 -59,62535148
-36,59233466 -60,28465439
-36,84408904 -59,77515515
-36,93805060 -59,44298684
-36,58256355 -59,50642477
-36,49948380 -59,88006296
-36,52175934 -60,08498680
-36,43442369 -59,57712282
-36,38360473 -60,02519474
-36,55870055 -59,92936512
-36,88946931 -59,94053079
-36,81680130 -59,67838820
-37,03174756 -59,63363465
-36,64878939 -59,82916091
-36,78201137 -59,66646369
-36,44630643 -59,81852151
-37,17917977 -59,97271627
-36,53319474 -60,05077476
-36,52363505 -59,85339825
-36,87221584 -60,36152716
-36,49331792 -60,17706941
-36,66669332 -59,55230160
-36,91791357 -60,06214289
-37,15684409 -59,58151698
-36,82333212 -60,03274609
-36,94207514 -60,13350078
-37,11084644 -59,77512599
-36,78552956 -59,40700033
-37,12369508 -59,64638410
-37,12060919 -59,94450765
-36,53145115 -59,84986946
-36,93058551 -60,16302518
-37,14353341 -60,02039907
-37,01477179 -60,29557490
-36,81475432 -60,02316246
-36,54261160 -60,31039708
-36,45646181 -59,79797824
-37,01131506 -60,09545150
-36,37122367 -60,08625412
-36,67632809 -59,73341605
-36,45229695 -59,76678023
-37,10327391 -60,12030524
-36,78517135 -59,45644235
-36,68554103 -60,14266976
-36,87727403 -60,25162333
-36,74488819 -60,04752490
-36,78454422 -60,23636637
-36,78593781 -60,07990237
-36,89832686 -59,77536767
-36,40586876 -59,72092768
-36,34189957 -59,96554778
-36,59887420 -59,78465604
-36,80730445 -59,74639189
-36,35463090 -59,73272590
-36,45608772 -60,00896458
-37,17213342 -59,82255317
-36,74228553 -59,61333679
-37,02372496 -60,02667978
-36,54187693 -60,01060563
-37,05636104 -59,89277259
-36,74628484 -59,79165033
-36,62344984 -59,58160579
-36,92359513 -59,58460285
-36,60048234 -60,07066851
-36,88556050 -59,54730462
-36,79177315 -59,40636110
-36,46938135 -59,70303837
-36,64753008 -60,31453313
-36,86617226 -60,18172239
-36,61290619 -59,68296456
-36,70139440 -59,91072942
-36,73331948 -59,46451052
-36,57509843 -60,23179069
-36,52772722 -59,65213460
-36,84628602 -59,54828401
-36,66412982 -59,47888488
-37,16103573 -60,07374770
-36,53918186 -59,59753327
-36,38607165 -60,10716069
-36,61030834 -59,68240880
-36,84069834 -60,05987098
-36,99907870 -59,69122279
-37,18011912 -59,68202550
-36,56425505 -59,69068966
-36,44983957 -59,56868504
-37,02658073 -59,97473666
-36,90447535 -59,75193066
-36,58128378 -59,78305779
-36,61838622 -60,07499246
-36,92993811 -59,80945347
-36,52467694 -59,87153663
-36,60460570 -60,33103455
-37,07000327 -59,49324040
-36,59430450 -59,79487875
-36,98499639 -59,49194409
-36,61256360 -59,65203263
-36,40174896 -60,16424636
-37,09110879 -59,62517207
-36,85203069 -59,93156051
-36,91118054 -59,62513814
-37,11838008 -59,96242711
-37,00095926 -59,57800900
-36,49651997 -60,21622310
-36,66903673 -60,15434568
-36,55914357 -60,15486187
-36,93330163 -59,94177852
-36,99604096 -59,88591190
-36,37921058 -59,98644146
-36,81640818 -59,76217057
-37,16392522 -59,80675510
-36,35397348 -59,92014992
-36,74126955 -59,79194836
-36,69693460 -60,36507135
-36,64793820 -59,81000898
-36,54243705 -59,71772810
-36,49974883 -59,73182136
-36,91375028 -60,04095027
-36,50935176 -59,87658019
-37,08117820 -59,76505481
-36,53886691 -60,09385252
-36,74238014 -59,49151387
-36,54194994 -59,71149507
-36,95530137 -59,64874644
-36,83496929 -59,73386161
-36,79193908 -59,57835514
-37,16945542 -59,92562642
-36,88913207 -59,84251411
-36,96496310 -59,47016017
-36,70999644 -59,98458087
-36,94979680 -59,92445919
-36,55288113 -59,67383164
-37,08095657 -59,75450986
-36,43142254 -59,97277941
-37,03336282 -59,56494135
-36,63434547 -59,79853085
-36,93412548 -59,84521553
-37,20767051 -59,89157941
-36,66772439 -59,80516426
-36,50532281 -60,10881544
-36,43911411 -59,74731295
-36,86453330 -60,08998184
-36,92324868 -60,04330961
-37,00265644 -59,70940582
-36,63018120 -59,78032880
-36,94817737 -59,88971658
-36,78422042 -59,78813381
-37,01395460 -59,89945678
-36,82335974 -59,85685674
-36,48526809 -59,93150786
-36,88096104 -59,98886448
-37,07353169 -59,85354109
-36,92634010 -59,63190623
-36,37429982 -60,03915807
-36,86507989 -59,32800035
-36,84765059 -59,49468717
-36,95219859 -60,34578096
-36,70234135 -59,39753498
-36,36217622 -60,04129795
-36,58012384 -60,26056764
-36,68056271 -60,10565682
-36,75974897 -60,38470026
-36,91219707 -60,15811403
-36,79388154 -59,49622394
-36,93177841 -59,37651338
-36,93429812 -59,89600937
-37,04714669 -59,77362780
-36,89494869 -59,51935798
-36,41148110 -60,11955854
-37,15940834 -59,62412024
-37,10345474 -59,86596310
-37,21311225 -59,80706806
-36,96150965 -60,25648880
-36,58979436 -60,20003329
-36,89643429 -59,78979092
-36,80046440 -59,38898259
-37,12543834 -59,66122357
-37,00412374 -60,09895454
-36,85415412 -60,34726236
-36,58521662 -59,85133994
-37,17263840 -59,89483912
-36,84954531 -59,96319034
-36,44643608 -59,88764550
-36,56350654 -59,63534301
-36,60627968 -60,07178668
-36,58548034 -60,17617912
-36,73095355 -60,32963942
-36,70715032 -60,20373316
-36,43792757 -59,79539677
-36,65911223 -59,79963898
-36,68420214 -60,28515142
-36,79517414 -60,03558859
-36,93351139 -59,59556253
-36,73207814 -59,87174643
-37,14185886 -60,03195832
-36,93371111 -59,61430530
-36,40425153 -59,99891743
-37,03356689 -59,89688303
-36,81792434 -60,14438323
-36,37811657 -59,76754922
-37,04689292 -60,02278419
-36,70316271 -59,81104619
-36,55434519 -59,90755460
-37,11545936 -59,71375468
-36,88627301 -60,10812183
-36,62085934 -60,20783842
-36,55258405 -59,93681647
-36,57662641 -59,88011630
-36,40590131 -59,54596205
-36,83025843 -59,68126055
-36,71095384 -60,02777004
-36,63438010 -59,53229710
-36,53589343 -59,95586485
-36,53523235 -59,49806889
-36,37829574 -59,60803347
-37,12290168 -59,75882125
-36,88418746 -60,28130617
-36,90332803 -59,92785999
-37,07259586 -59,58138659
-36,60653024 -59,98780995
-36,67691937 -60,24857346
-36,54084560 -59,68676532
-36,58434687 -60,33126026
-36,70928205 -59,51821744
-37,10847906 -59,73937231
-36,53038430 -59,77849127
-36,84179404 -59,75118369
-36,77238570 -60,12926226
-36,79818881 -59,87092698
-36,90017905 -59,99301426
-36,82166180 -59,67210045
-36,87032656 -60,12810471
-37,10641356 -60,12758373
-36,53755748 -59,71196292
-37,03920457 -59,60822212
-37,05719246 -59,95366367
-36,69360380 -60,33699358
-36,58932486 -59,40563930
-36,88660900 -60,31120638
-36,51840341 -59,39803189
-36,69801645 -59,50798603
-36,34612072 -59,88146180
-36,58900134 -59,52593550
-36,64094848 -60,35878699
-36,74645139 -60,36430292
-36,41837208 -60,05616086
-36,91199640 -59,47800251
-36,51643897 -59,91616657
-36,57418210 -60,06298693
-36,69728676 -59,70495134
-37,05635110 -59,99679612
-37,11990303 -59,94627694
-37,13447351 -59,75065871
-36,97450060 -60,09937137
-36,55530048 -59,67136282
-36,74634344 -59,39184458
-36,77030514 -60,02902217
-36,91735082 -60,06462146
-36,96111589 -59,70550772
-36,62329079 -60,36058810
-36,47028600 -60,12006860
-36,95204125 -59,73855351
-37,12913686 -59,67385613
-36,76583555 -59,35757739
-36,92115177 -59,91014640
-37,00520255 -59,81594068
-37,04141276 -60,26645356
-36,52007627 -60,00599670
-37,07763350 -59,71097221
-36,94790711 -60,15312568
-36,54941884 -59,80376172
-37,02860247 -60,08407323
-36,79638066 -59,61010544
-36,64356244 -60,20900999
-36,58781493 -60,15135881
-37,00786631 -60,14043443
-36,94588095 -60,21544845
-36,91406793 -60,11135198
-37,13540013 -60,10304685
-36,99059115 -59,44327755
-37,06132178 -59,79906102
-37,14270473 -60,04159987
-36,53185608 -59,44262394
-36,34609375 -59,72494750
-37,18394345 -59,85849712
-37,04143140 -60,30267586
-37,09870945 -59,82589751
-36,45443303 -59,83443989
-37,17642471 -60,10697797
-37,08430655 -60,04383939
-37,04367466 -59,58466415
-37,03930848 -59,40079611
-36,41196120 -59,71474477
-37,13957658 -59,83761706
-36,81900193 -59,88551442
-36,78630137 -60,05749391
-36,68945923 -59,78583332
-36,84272425 -59,69553698
-36,88125317 -59,32380818
-36,38435456 -59,89629462
-36,90494826 -59,42058529
-36,40615792 -59,85374875
-36,52713148 -60,26269907
-36,33329407 -59,77497168
-36,81965158 -59,79978494
-36,96723202 -59,99689858
-36,56520934 -59,40281782
-37,03895145 -60,30230376
-36,80565672 -60,18346507
-36,98780667 -60,01268573
-36,60993633 -60,17271266
-36,60567918 -59,86842823
-37,01728419 -59,64283164
-36,54387311 -59,62332591
-36,85210248 -59,95612212
-36,34389836 -59,80766675
-36,90813989 -59,73277721
-37,11328858 -60,07872271
-36,62084468 -60,36970656
-36,51588331 -59,48401400
-36,61180212 -60,04338462
-36,57749316 -60,14358061
-36,52177675 -59,90943081
-36,47144662 -59,76821033
-36,72123547 -60,31939701
-36,69455437 -60,13803841
-36,71033698 -59,41319223
-37,13675219 -59,59518758
-36,49957720 -60,05947063
-36,81235476 -59,95046053
-37,20202134 -59,68857178
-36,70840080 -59,52784950
-36,39904655 -59,85910210
-37,01774459 -59,44192227
-36,49846052 -60,11695905
-36,49306549 -60,21113488
-36,43435347 -59,80183799
-36,70498008 -59,90851137
-36,37817571 -59,72250135
-36,71582911 -60,26155873
-37,09712102 -59,84241862
-37,01670389 -59,53733517
-36,99533237 -59,86509384
-36,37728826 -59,80730532
-37,00410639 -60,20792066
-36,89630966 -60,17777071
-36,39118619 -59,60319933
-36,42248175 -59,69864079
-36,45753803 -59,88989493
-36,57898073 -59,38894668
-37,00583428 -60,04930846
-36,81949300 -60,29393841
-36,62187612 -59,83899066
-36,87738201 -60,37193421
-36,57649928 -60,29963034
-36,40957569 -59,88000661
-36,78362985 -60,11298669
-37,01127532 -59,46455169
-36,38786437 -59,88944910
-36,89070233 -60,05250200
-37,08051495 -60,03420574
-36,99735534 -59,73857572
-36,83499982 -60,01833898
-36,63300212 -60,15325428
-36,99917909 -60,09012559
-36,66737695 -59,34317568
-37,06172348 -60,23309577
-36,75439212 -59,48146148
-36,68154474 -59,43893927
-36,97910875 -59,72488048
-37,04204446 -59,63458165
-36,84589194 -60,04220496
-36,80439717 -59,85279642
-36,35303719 -59,89068829
-37,04494719 -60,17371339
-36,51647597 -59,57536709
-36,52325190 -60,15304741
-36,61266171 -59,39810701
-36,51589566 -59,95595222
-36,92035598 -59,86470540
-36,62806427 -59,92912829
-37,09692317 -59,55888256
-37,11446848 -60,20234510
-37,08611935 -60,11284163
-36,86401089 -59,80096111
-36,62123103 -60,01565225
-36,44800464 -59,53338451
-36,79967198 -59,41335985
-36,99700457 -60,16880296
-36,68450023 -59,34099707
-37,21358042 -59,89613216
-36,33286835 -59,78913932
-37,11913372 -60,13580369
-36,84932385 -60,17505608
-36,70705665 -60,29107130
-37,06372415 -59,71128999
-37,20988453 -59,78340682
-36,83250284 -59,96610334
-36,80596971 -59,46911083
-37,18469816 -60,00665507
-36,37462724 -59,81647683
-36,99544544 -59,59039630
-36,67050848 -59,83423589
-36,72067292 -59,36558179
-36,59664378 -59,68450882
-36,69219151 -59,40234246
-36,89518579 -60,00480310
-37,13272112 -59,61377338
-37,00191171 -59,86256871
-36,61521782 -59,72232842
-36,74677500 -59,29904726
-36,58850801 -59,85597640
-37,12439937 -59,58257962
-36,64266395 -60,32260836
-37,00827562 -59,88558414
-36,50673610 -60,05126370
-36,71679811 -60,22796338
-36,82029394 -59,70428410
-36,46806425 -60,08448847
-36,58063746 -60,01295589
-36,99830150 -60,26068524
-36,70355578 -60,33372104
-36,63831503 -59,54196439
-36,44009700 -59,82365932
-36,51770957 -60,30191582
-36,50202551 -60,26797113
-36,99192740 -60,07030297
-36,69637457 -60,01944789
-36,98935205 -60,26170361
-37,08177477 -59,99223904
-36,95593364 -59,42802748
-37,11970516 -59,98913991
-36,55976842 -60,34413168
-37,05478476 -60,08149065
-36,88081260 -59,57790724
-36,61151361 -59,70949675
-36,67866063 -59,75574522
-36,92232407 -59,40340380
-36,80767517 -59,48882787
-37,09836032 -59,79158953
-36,44152992 -59,99206652
-36,51021639 -59,69335261
-36,97721737 -60,28559896
-36,67980399 -60,12259326
-36,79424458 -59,86465387
-36,75863218 -59,44684268
-36,66526913 -59,94736204
-36,65791952 -59,95379135
-37,00489033 -59,51439863
-36,86192828 -59,68872963
-36,83110339 -59,76946485
-37,19597907 -59,70392867
-36,53871531 -59,85483432
-36,72466124 -59,69037955
-36,61097372 -60,30662174
-37,09552378 -59,56294470
-36,65769525 -59,34840961
-36,92183241 -60,34796140
-36,59589151 -60,10464836
-36,70740827 -60,21097163
-36,42898488 -59,75961000
-36,80596479 -60,14970756
-36,96407180 -59,50252788
-37,00322612 -59,47001508
-36,49938016 -59,94082327
-37,03430457 -59,72563026
-36,78410978 -59,84583512
-36,77548658 -59,93634514
-36,43778290 -59,80330304
-37,00388190 -60,22830272
-36,51943500 -59,72502246
-37,03169958 -59,93076771
-36,90533116 -60,37005169
-37,06739016 -59,80074107
-36,58161646 -60,17803510
-36,80229350 -59,56739750
-36,82139626 -59,37367543
-36,90100930 -60,25084322
-36,98699878 -60,07306321
-36,64884163 -60,03838481
-36,64302191 -59,73691386
-36,56697862 -60,13170247
-36,69306873 -59,85918691
-36,75333859 -60,15924553
-36,76753771 -59,91414145
-36,86320969 -59,37609047
-36,81633068 -59,58563733
-37,00476022 -60,32781309
-36,95026769 -59,63434464
-36,61666491 -59,50637296
-36,81603543 -60,35897855
-36,48781818 -59,68493094
-36,52483914 -60,11251100
-36,40514007 -59,82404205
-36,32800640 -59,82805287
-36,77701535 -60,26229011
-36,65713087 -60,19360788
-37,02808262 -60,18406662
-37,00774394 -60,21481633
-36,64769598 -59,80241834
-36,45083540 -59,63003465
-36,41500454 -59,79865597
-36,80550715 -60,21928692
-36,92957953 -59,45826300
-37,11524331 -60,03002030
-36,73244355 -60,03015015
-37,10685111 -59,62739127
-36,36051610 -59,92639667
-36,75157354 -59,66238281
-36,49543352 -59,96531542
-36,34439662 -59,94254892
-36,66980255 -59,59948412
-36,93247495 -60,18631831
-36,79411956 -59,35070963
-36,82125549 -60,17242994
-37,03288639 -59,92930202
-36,61118302 -59,50418033
-36,68089029 -60,20334871
-36,70301959 -59,44449164
-36,68950779 -59,50642589
-37,02167291 -59,54280767
-36,69502088 -60,05789903
-36,66947523 -59,62686448
-36,69732575 -59,77139394
-36,47710790 -60,09156551
-36,48180939 -59,44630016
-36,69654344 -60,20934580
-36,64637527 -60,09500185
-36,85442200 -59,72740164
-36,36761826 -59,89837076
-36,84167325 -59,54659270
-36,68013143 -59,44146642
-36,76381375 -59,54654888
-36,67638173 -60,01444246
-36,59453557 -59,78578015
-36,71467289 -59,91552926
-37,20795182 -59,87482264
-36,84116142 -59,37429520
-37,00629398 -60,16264254
-37,14926141 -59,57294635
-36,97098166 -60,19460742
-36,61357080 -59,39586557
-36,42317445 -59,95720962
-36,36773918 -60,05334179
-36,52458154 -59,97426286
-36,84989510 -60,00749204
-36,55333989 -59,52407346
-37,14388421 -60,16090632
-36,97342152 -59,43548487
-36,96501335 -59,88090165
-36,89594696 -60,32005300
-36,44875377 -59,65574763
-37,12383759 -59,82681293
-36,44520396 -60,01040457
-36,59773370 -59,93931141
-36,56838438 -60,33679998
-36,66050552 -59,39772600
-36,82206857 -60,03155189
-36,60416633 -59,54805772
-36,36530472 -59,65030633
-36,75832171 -59,42873311
-36,41467527 -59,74993432
-36,48473870 -59,51295493
-36,79853063 -59,81186209
-36,38729131 -60,04840625
-37,17405381 -60,07940432
-36,65197293 -60,38522962
-36,76584007 -60,22147236
-36,65842371 -60,38929157
-36,55432360 -59,44968566
-36,58068974 -60,17490589
-36,52031369 -59,76414489
-36,77153707 -59,57083465
-36,89591633 -60,07595039
-37,11192494 -60,00954862
-37,08262888 -60,16643772
-37,19457594 -59,78476818
-36,37460252 -59,60844647
-36,67883833 -59,59972380
-36,97919718 -59,45418356
-36,87031286 -59,96753381
-36,96239429 -59,41163867
-37,13112341 -59,90253050
-36,88045450 -60,08922486
-36,89996984 -59,68396073
-37,06605739 -60,10660370
-36,50172798 -59,98927078
-36,67336589 -60,01600558
-36,45296695 -59,87227128
-37,02664263 -59,63783429