0009700008 -34,06302900 -66,53219200
0009700018 -27,30378500 -54,64105500
0009700028 -29,89699200 -59,81705900
0009700029 -29,30628800 -61,43712100
0009700032 -31,15740300 -61,09743100
0009700039 -32,68762100 -60,92758500
0009700040 -32,27984800 -61,69842100
0009700044 -31,04553300 -60,39192000
0009700049 -34,59634500 -58,39642500 
0009700073 -29,74964100 -61,05823600
0009700077 -34,60906200 -58,49118200
0009700083 -23,06317700 -65,40031100
0009700090 -34,57728100 -58,45555500
0009700104 -34,62932200 -58,39637100
0009700106 -43,03471200 -65,58523200
0009700109 -34,58536200 -58,47432000
0009700115 -34,58084600 -58,44660500
0009700118 -36,71387600 -64,31425900
0009700129 -34,20208100 -64,51665000
0009700130 -33,27020100 -62,45122000
0009700137 -30,57578900 -64,84624000
0009700149 -33,56851400 -67,79383400
0009700152 -27,37509500 -65,36475300
0009700153 -31,09462100 -64,71440400
0009700184 -39,97614300 -68,72425900
0009700213 -31,35843600 -61,46325100
0009700217 -30,58524700 -63,60478500
0009700251 -34,58441200 -58,49106400
0009700254 -34,63953600 -58,41542500
0009700255 -31,12284000 -65,05498000
0009700261 -34,58797700 -58,46739100
0009700262 -29,30194500 -58,06470000
0009700263 -34,67563200 -58,46104000
0009700266 -33,12800200 -67,77186100
0009700269 -34,16147300 -67,39832600
0009700284 -31,55904000 -61,11049600
0009700285 -39,92561000 -65,84584100
0009700286 -33,09353900 -60,70548000
0009700296 -31,04359400 -67,81072700
0009700298 -26,41490700 -65,80420600
0009700320 -23,69847800 -65,44425600
0009700336 -34,61601800 -58,51387200
0009700349 -27,73911100 -59,47048700
0009700388 -34,61578000 -58,39666000
0009700397 -53,86333600 -68,19092400 
0009700403 -34,57989600 -58,42553000
0009700416 -34,61221600 -58,50030300
0009700417 -34,61696800 -58,40127900
0009700428 -34,61245400 -58,50607700
0009700435 -34,61601800 -58,41398200
0009700442 -34,64143600 -58,43996500
0009700457 -31,22623800 -62,79179600
0009700466 -34,58869000 -58,49221900
0009700474 -30,85913600 -65,31865200
0009700478 -29,06675700 -61,09743100
0009700512 -54,14026100 -67,47033200
0009700548 -34,64642400 -58,50694300
0009700549 -33,39441100 -67,80482000
0009700552 -39,04796000 -70,89533800
0009700559 -34,61839400 -58,38626700
0009700563 -31,67610500 -62,95659100
0009700567 -32,39457200 -58,45789200
0009700568 -34,89558500 -58,49753100
0009700571 -31,35689600 -64,28395900
0009700574 -29,50799300 -66,84612400
0009700594 -33,07278100 -68,79359000
0009700595 -36,58805700 -56,88315300
0009700598 -34,56449400 -58,46765300
0009700630 -28,17701300 -63,91077700
0009710001 -34,61791200 -58,38903200
0009710002 -34,61904200 -58,40894500
0009710003 -34,60434900 -58,44774100
0009710004 -34,61056500 -58,39967500
0009710005 -34,61056500 -58,51468900
0009710006 -34,61423900 -58,41443800
0009710007 -34,58258700 -58,48619300
0009710008 -34,93221400 -58,01588400
0009710009 -30,56633000 -63,98930600
0009710010 -30,58524700 -64,08818300
0009710011 -31,13360500 -58,76550900
0009710012 -31,79362700 -67,77776800
0009710013 -30,77967100 -68,00848100
0009710014 -30,24965000 -68,64568800
0009710015 -32,62215900 -65,45553100
0009710016 -31,38074600 -61,75068200
0009710017 -32,03651500 -61,52857600
0009710018 -31,28030700 -61,62003100
0009710019 -33,24664400 -60,77080500
0009710020 -30,50673100 -60,60096000
0009710021 -30,68666700 -61,62003100
0009710022 -33,80211500 -61,82907200
0009710023 -26,38046400 -65,21094500
0009730001 -24,78658000 -66,34961400
0009730002 -27,52621000 -65,32630100
0009730003 -35,19142600 -69,61756400
0009730004 -38,01669600 -70,24714500
0009730010 -31,95752100 -60,42444500
0009730011 -32,96738200 -58,60361500
0009730012 -29,55662300 -60,44418000
0009730013 -31,38074600 -61,75068200
0009730018 -36,74737600 -56,77691200
0009730019 -36,87681100 -56,79538900
0009730032 -28,54446200 -65,70587700
0009730064 -34,67185100 -58,74108700
0009730072 -50,49623300 -69,96896900
0009730074 -37,13870600 -56,96629900
0009730076 -37,21599400 -57,10025500
0009730077 -37,39602700 -57,06330100
0009730079 -37,51336700 -57,20649600
0009730080 -37,46938600 -57,16492300
0009730081 -38,00272400 -57,59450700
0009730082 -38,11910600 -57,63146100
0009730083 -37,77305600 -57,51598100
0009730085 -38,58639100 -58,74006500
0009730086 -38,74868700 -61,99658800
0009730090 -38,59361200 -62,40769500
0009730091 -38,67299500 -62,59246200
0009730092 -34,97636300 -57,92539300
0009730095 -47,35028200 -70,84787600
0009730096 -29,58858600 -61,07752800
0009730098 -34,61912400 -58,63232800
0009730124 -30,50154100 -60,13270400
0009730128 -34,57325200 -58,80595500
0009730132 -34,43858200 -58,57249500
0009730137 -24,80652700 -64,09741700
0009730141 -22,62275500 -66,26273800
0009730177 -34,55671400 -58,70192000
0009730185 -25,01308900 -61,86550600
0009730186 -28,49363900 -61,56092700
0009730187 -33,10470400 -62,25346600
0009730189 -34,64357100 -58,77745000
0009730192 -31,80690800 -62,90166000
0009730199 -42,52671500 -63,87136500
0009730209 -41,61816300 -70,29180200
0009730212 -34,73490200 -58,42756600
0009730215 -34,73307700 -58,25762300
0009730221 -35,34391500 -67,50819000
0009730224 -33,35934000 -66,25753300
0009730226 -27,82626900 -64,11402100
0009730227 -31,33890700 -65,24174700
0009730234 -24,86634800 -65,53662600
0009730253 -26,91927600 -60,31643400
0009730259 -39,38427800 -65,27455200
0009730264 -34,67965300 -65,89498500
0009730274 -37,54597100 -64,63286300
0009730279 -32,19025600 -58,31507000
0009730281 -34,57500700 -59,11622700
0009730286 -40,63339200 -66,71025900
0009730298 -22,79504300 -65,69694200
0009730302 -34,79512500 -58,82410100
0009730304 -34,55945800 -58,55974500
0009730312 -34,03066000 -62,19813400
0009730313 -26,54464400 -54,49823300
0009730318 -34,49723300 -58,70080900
0009730323 -34,52103000 -58,50309700
0009730324 -33,17051100 -60,74793800
0009730325 -33,13364000 -59,36975700
0009730327 -34,80698200 -58,22541100
0009730330 -34,81336600 -58,46755300
0009730343 -31,33890700 -65,24174700
0009730344 -29,97000600 -60,98963800
0009730356 -34,83069100 -58,64638200
0009730360 -34,56769000 -58,60861700
0009730361 -34,46427100 -58,91962500
0009730371 -31,44342600 -58,20520600
0009730377 -36,55076300 -66,50087700
0009730378 -27,49398700 -55,47052300
0009730381 -34,30752500 -59,10067600
0009730395 -34,50455600 -59,22174700
0009730396 -34,46243900 -59,45833500
0009730397 -35,01101900 -58,75745700
0009730410 -34,91386400 -60,02277500
0009730438 -31,59732500 -68,38201600
0009730446 -34,60413900 -60,97155500
0009730450 -35,49657300 -60,85217200
0009730456 -35,06925100 -62,77426300
0009730470 -35,20938100 -69,29896100
0009730478 -35,08654700 -62,19306600
0009730481 -33,99768100 -69,06824800
0009730500 -35,06563200 -67,24451800
0009730505 -37,42109300 -59,12857200
0009730506 -37,58875200 -62,77426300
0009730507 -40,54971600 -63,04901100
0009730508 -36,94120100 -60,28039900
0009730520 -33,49037600 -64,04423800
0009730524 -32,53227300 -63,34111300
0009730526 -33,16910100 -64,29692300
0009730527 -31,50765800 -64,19804600
0009730533 -44,93947500 -67,48586700
0009730535 -43,12298200 -69,35354200
0009730544 -31,83491400 -62,60502900
0009730546 -35,65524800 -58,12468600
0009730554 -33,65618800 -60,21699600
0009730560 -26,86662400 -65,18347900
0009730564 -26,81270800 -64,87586200
0009730568 -27,12114800 -64,95276600
0009730578 -32,38395200 -63,83549700
0009730579 -47,58793300 -69,88107900
0009730580 -48,16271000 -68,21115700
0009730581 -36,49225600 -60,76649100
0009730582 -37,55525000 -61,75981000
0009730590 -40,41252500 -68,32875100
0009730592 -38,03400500 -70,18122700
0009730593 -38,23901900 -61,77037700
0009730594 -35,25067400 -62,01342300
0009730595 -36,88102700 -66,85210100
0009730596 -25,36105100 -62,32693200
0009730598 -31,52639000 -63,05546800
0009730599 -31,63869900 -64,76933500
0009730602 -30,39590600 -63,95634700
0009730605 -34,63566600 -59,58296200
0009730624 -34,69611800 -68,27723200
0009730625 -38,87529600 -60,71365500
0009730629 -38,23071900 -58,24092500
0009730630 -32,02139800 -64,78032200